image_width: 1280
image_height: 720
camera_name: camera
camera_matrix:
    rows: 3
    cols: 3
    data: [1242.770690, 0.000000, 613.139904, 0.000000, 1239.190942, 390.480361, 0.000000, 0.000000, 1.000000]
    distortion_model: plumb_bob
distortion_coefficients:
    rows: 1
    cols: 5
    data: [0.270172, -0.510722, 0.006823, -0.010454, 0.000000]
rectification_matrix:
    rows: 3
    cols: 3
    data: [1.000000, 0.000000, 0.000000, 0.000000, 1.000000, 0.000000, 0.000000, 0.000000, 1.000000]
projection_matrix:
    rows: 3
    cols: 4
    data: [1288.291870, 0.000000, 602.411752, 0.000000, 0.000000, 1293.256592, 394.472986, 0.000000, 0.000000, 0.000000, 1.000000, 0.000000]
    